# SDBL flow
# z uq vq pqx pqy wfls dqtdxls dqtdyls dqtdtls dthlrad
   2.500000000000000     8.000000     0.000000  0.000000000  0.000000000     0.000000000     0.000000     0.000000     0.000000    0.000000000000
   7.500000000000000     8.000000     0.000000  0.000000000  0.000000000     0.000000000     0.000000     0.000000     0.000000    0.000000000000
  12.500000000000000     8.000000     0.000000  0.000000000  0.000000000     0.000000000     0.000000     0.000000     0.000000    0.000000000000
  17.500000000000000     8.000000     0.000000  0.000000000  0.000000000     0.000000000     0.000000     0.000000     0.000000    0.000000000000
  22.500000000000000     8.000000     0.000000  0.000000000  0.000000000     0.000000000     0.000000     0.000000     0.000000    0.000000000000
  27.500000000000000     8.000000     0.000000  0.000000000  0.000000000     0.000000000     0.000000     0.000000     0.000000    0.000000000000
  32.500000000000000     8.000000     0.000000  0.000000000  0.000000000     0.000000000     0.000000     0.000000     0.000000    0.000000000000
  37.500000000000000     8.000000     0.000000  0.000000000  0.000000000     0.000000000     0.000000     0.000000     0.000000    0.000000000000
  42.500000000000000     8.000000     0.000000  0.000000000  0.000000000     0.000000000     0.000000     0.000000     0.000000    0.000000000000
  47.500000000000000     8.000000     0.000000  0.000000000  0.000000000     0.000000000     0.000000     0.000000     0.000000    0.000000000000
  52.500000000000000     8.000000     0.000000  0.000000000  0.000000000     0.000000000     0.000000     0.000000     0.000000    0.000000000000
  57.500000000000000     8.000000     0.000000  0.000000000  0.000000000     0.000000000     0.000000     0.000000     0.000000    0.000000000000
  62.500000000000000     8.000000     0.000000  0.000000000  0.000000000     0.000000000     0.000000     0.000000     0.000000    0.000000000000
  67.500000000000000     8.000000     0.000000  0.000000000  0.000000000     0.000000000     0.000000     0.000000     0.000000    0.000000000000
  72.500000000000000     8.000000     0.000000  0.000000000  0.000000000     0.000000000     0.000000     0.000000     0.000000    0.000000000000
  77.500000000000000     8.000000     0.000000  0.000000000  0.000000000     0.000000000     0.000000     0.000000     0.000000    0.000000000000
  82.500000000000000     8.000000     0.000000  0.000000000  0.000000000     0.000000000     0.000000     0.000000     0.000000    0.000000000000
  87.500000000000000     8.000000     0.000000  0.000000000  0.000000000     0.000000000     0.000000     0.000000     0.000000    0.000000000000
  92.500000000000000     8.000000     0.000000  0.000000000  0.000000000     0.000000000     0.000000     0.000000     0.000000    0.000000000000
  97.500000000000000     8.000000     0.000000  0.000000000  0.000000000     0.000000000     0.000000     0.000000     0.000000    0.000000000000
 102.500000000000000     8.000000     0.000000  0.000000000  0.000000000     0.000000000     0.000000     0.000000     0.000000    0.000000000000
 107.500000000000000     8.000000     0.000000  0.000000000  0.000000000     0.000000000     0.000000     0.000000     0.000000    0.000000000000
 112.500000000000000     8.000000     0.000000  0.000000000  0.000000000     0.000000000     0.000000     0.000000     0.000000    0.000000000000
 117.500000000000000     8.000000     0.000000  0.000000000  0.000000000     0.000000000     0.000000     0.000000     0.000000    0.000000000000
 122.500000000000000     8.000000     0.000000  0.000000000  0.000000000     0.000000000     0.000000     0.000000     0.000000    0.000000000000
 127.500000000000000     8.000000     0.000000  0.000000000  0.000000000     0.000000000     0.000000     0.000000     0.000000    0.000000000000
 132.500000000000000     8.000000     0.000000  0.000000000  0.000000000     0.000000000     0.000000     0.000000     0.000000    0.000000000000
 137.500000000000000     8.000000     0.000000  0.000000000  0.000000000     0.000000000     0.000000     0.000000     0.000000    0.000000000000
 142.500000000000000     8.000000     0.000000  0.000000000  0.000000000     0.000000000     0.000000     0.000000     0.000000    0.000000000000
 147.500000000000000     8.000000     0.000000  0.000000000  0.000000000     0.000000000     0.000000     0.000000     0.000000    0.000000000000
 152.500000000000000     8.000000     0.000000  0.000000000  0.000000000     0.000000000     0.000000     0.000000     0.000000    0.000000000000
 157.500000000000000     8.000000     0.000000  0.000000000  0.000000000     0.000000000     0.000000     0.000000     0.000000    0.000000000000
 162.500000000000000     8.000000     0.000000  0.000000000  0.000000000     0.000000000     0.000000     0.000000     0.000000    0.000000000000
 167.500000000000000     8.000000     0.000000  0.000000000  0.000000000     0.000000000     0.000000     0.000000     0.000000    0.000000000000
 172.500000000000000     8.000000     0.000000  0.000000000  0.000000000     0.000000000     0.000000     0.000000     0.000000    0.000000000000
 177.500000000000000     8.000000     0.000000  0.000000000  0.000000000     0.000000000     0.000000     0.000000     0.000000    0.000000000000
 182.500000000000000     8.000000     0.000000  0.000000000  0.000000000     0.000000000     0.000000     0.000000     0.000000    0.000000000000
 187.500000000000000     8.000000     0.000000  0.000000000  0.000000000     0.000000000     0.000000     0.000000     0.000000    0.000000000000
 192.500000000000000     8.000000     0.000000  0.000000000  0.000000000     0.000000000     0.000000     0.000000     0.000000    0.000000000000
 197.500000000000000     8.000000     0.000000  0.000000000  0.000000000     0.000000000     0.000000     0.000000     0.000000    0.000000000000
 202.500000000000000     8.000000     0.000000  0.000000000  0.000000000     0.000000000     0.000000     0.000000     0.000000    0.000000000000
 207.500000000000000     8.000000     0.000000  0.000000000  0.000000000     0.000000000     0.000000     0.000000     0.000000    0.000000000000
 212.500000000000000     8.000000     0.000000  0.000000000  0.000000000     0.000000000     0.000000     0.000000     0.000000    0.000000000000
 217.500000000000000     8.000000     0.000000  0.000000000  0.000000000     0.000000000     0.000000     0.000000     0.000000    0.000000000000
 222.500000000000000     8.000000     0.000000  0.000000000  0.000000000     0.000000000     0.000000     0.000000     0.000000    0.000000000000
 227.500000000000000     8.000000     0.000000  0.000000000  0.000000000     0.000000000     0.000000     0.000000     0.000000    0.000000000000
 232.500000000000000     8.000000     0.000000  0.000000000  0.000000000     0.000000000     0.000000     0.000000     0.000000    0.000000000000
 237.500000000000000     8.000000     0.000000  0.000000000  0.000000000     0.000000000     0.000000     0.000000     0.000000    0.000000000000
 242.500000000000000     8.000000     0.000000  0.000000000  0.000000000     0.000000000     0.000000     0.000000     0.000000    0.000000000000
 247.500000000000000     8.000000     0.000000  0.000000000  0.000000000     0.000000000     0.000000     0.000000     0.000000    0.000000000000
 252.500000000000000     8.000000     0.000000  0.000000000  0.000000000     0.000000000     0.000000     0.000000     0.000000    0.000000000000
 257.500000000000000     8.000000     0.000000  0.000000000  0.000000000     0.000000000     0.000000     0.000000     0.000000    0.000000000000
 262.500000000000000     8.000000     0.000000  0.000000000  0.000000000     0.000000000     0.000000     0.000000     0.000000    0.000000000000
 267.500000000000000     8.000000     0.000000  0.000000000  0.000000000     0.000000000     0.000000     0.000000     0.000000    0.000000000000
 272.500000000000000     8.000000     0.000000  0.000000000  0.000000000     0.000000000     0.000000     0.000000     0.000000    0.000000000000
 277.500000000000000     8.000000     0.000000  0.000000000  0.000000000     0.000000000     0.000000     0.000000     0.000000    0.000000000000
 282.500000000000000     8.000000     0.000000  0.000000000  0.000000000     0.000000000     0.000000     0.000000     0.000000    0.000000000000
 287.500000000000000     8.000000     0.000000  0.000000000  0.000000000     0.000000000     0.000000     0.000000     0.000000    0.000000000000
 292.500000000000000     8.000000     0.000000  0.000000000  0.000000000     0.000000000     0.000000     0.000000     0.000000    0.000000000000
 297.500000000000000     8.000000     0.000000  0.000000000  0.000000000     0.000000000     0.000000     0.000000     0.000000    0.000000000000
 302.500000000000000     8.000000     0.000000  0.000000000  0.000000000     0.000000000     0.000000     0.000000     0.000000    0.000000000000
 307.500000000000000     8.000000     0.000000  0.000000000  0.000000000     0.000000000     0.000000     0.000000     0.000000    0.000000000000
 312.500000000000000     8.000000     0.000000  0.000000000  0.000000000     0.000000000     0.000000     0.000000     0.000000    0.000000000000
 317.500000000000000     8.000000     0.000000  0.000000000  0.000000000     0.000000000     0.000000     0.000000     0.000000    0.000000000000
 322.500000000000000     8.000000     0.000000  0.000000000  0.000000000     0.000000000     0.000000     0.000000     0.000000    0.000000000000
 327.500000000000000     8.000000     0.000000  0.000000000  0.000000000     0.000000000     0.000000     0.000000     0.000000    0.000000000000
 332.500000000000000     8.000000     0.000000  0.000000000  0.000000000     0.000000000     0.000000     0.000000     0.000000    0.000000000000
 337.500000000000000     8.000000     0.000000  0.000000000  0.000000000     0.000000000     0.000000     0.000000     0.000000    0.000000000000
 342.500000000000000     8.000000     0.000000  0.000000000  0.000000000     0.000000000     0.000000     0.000000     0.000000    0.000000000000
 347.500000000000000     8.000000     0.000000  0.000000000  0.000000000     0.000000000     0.000000     0.000000     0.000000    0.000000000000
 352.500000000000000     8.000000     0.000000  0.000000000  0.000000000     0.000000000     0.000000     0.000000     0.000000    0.000000000000
 357.500000000000000     8.000000     0.000000  0.000000000  0.000000000     0.000000000     0.000000     0.000000     0.000000    0.000000000000
 362.500000000000000     8.000000     0.000000  0.000000000  0.000000000     0.000000000     0.000000     0.000000     0.000000    0.000000000000
 367.500000000000000     8.000000     0.000000  0.000000000  0.000000000     0.000000000     0.000000     0.000000     0.000000    0.000000000000
 372.500000000000000     8.000000     0.000000  0.000000000  0.000000000     0.000000000     0.000000     0.000000     0.000000    0.000000000000
 377.500000000000000     8.000000     0.000000  0.000000000  0.000000000     0.000000000     0.000000     0.000000     0.000000    0.000000000000
 382.500000000000000     8.000000     0.000000  0.000000000  0.000000000     0.000000000     0.000000     0.000000     0.000000    0.000000000000
 387.500000000000000     8.000000     0.000000  0.000000000  0.000000000     0.000000000     0.000000     0.000000     0.000000    0.000000000000
 392.500000000000000     8.000000     0.000000  0.000000000  0.000000000     0.000000000     0.000000     0.000000     0.000000    0.000000000000
 397.500000000000000     8.000000     0.000000  0.000000000  0.000000000     0.000000000     0.000000     0.000000     0.000000    0.000000000000
