# SDBL flow
# z thl qt u v tke
   2.500000000000000   288.000000     0.000000     8.000000     0.000000     0.100000
   7.500000000000000   288.000000     0.000000     8.000000     0.000000     0.100000
  12.500000000000000   288.000000     0.000000     8.000000     0.000000     0.100000
  17.500000000000000   288.000000     0.000000     8.000000     0.000000     0.100000
  22.500000000000000   288.000000     0.000000     8.000000     0.000000     0.100000
  27.500000000000000   288.000000     0.000000     8.000000     0.000000     0.100000
  32.500000000000000   288.000000     0.000000     8.000000     0.000000     0.100000
  37.500000000000000   288.000000     0.000000     8.000000     0.000000     0.100000
  42.500000000000000   288.000000     0.000000     8.000000     0.000000     0.100000
  47.500000000000000   288.000000     0.000000     8.000000     0.000000     0.100000
  52.500000000000000   288.000000     0.000000     8.000000     0.000000     0.100000
  57.500000000000000   288.000000     0.000000     8.000000     0.000000     0.100000
  62.500000000000000   288.000000     0.000000     8.000000     0.000000     0.100000
  67.500000000000000   288.000000     0.000000     8.000000     0.000000     0.100000
  72.500000000000000   288.000000     0.000000     8.000000     0.000000     0.100000
  77.500000000000000   288.000000     0.000000     8.000000     0.000000     0.100000
  82.500000000000000   288.000000     0.000000     8.000000     0.000000     0.100000
  87.500000000000000   288.000000     0.000000     8.000000     0.000000     0.100000
  92.500000000000000   288.000000     0.000000     8.000000     0.000000     0.100000
  97.500000000000000   288.000000     0.000000     8.000000     0.000000     0.100000
 102.500000000000000   288.000000     0.000000     8.000000     0.000000     0.100000
 107.500000000000000   288.000000     0.000000     8.000000     0.000000     0.100000
 112.500000000000000   288.000000     0.000000     8.000000     0.000000     0.100000
 117.500000000000000   288.000000     0.000000     8.000000     0.000000     0.100000
 122.500000000000000   288.000000     0.000000     8.000000     0.000000     0.100000
 127.500000000000000   288.000000     0.000000     8.000000     0.000000     0.100000
 132.500000000000000   288.000000     0.000000     8.000000     0.000000     0.100000
 137.500000000000000   288.000000     0.000000     8.000000     0.000000     0.100000
 142.500000000000000   288.000000     0.000000     8.000000     0.000000     0.100000
 147.500000000000000   288.000000     0.000000     8.000000     0.000000     0.100000
 152.500000000000000   288.000000     0.000000     8.000000     0.000000     0.100000
 157.500000000000000   288.000000     0.000000     8.000000     0.000000     0.100000
 162.500000000000000   288.000000     0.000000     8.000000     0.000000     0.100000
 167.500000000000000   288.000000     0.000000     8.000000     0.000000     0.100000
 172.500000000000000   288.000000     0.000000     8.000000     0.000000     0.100000
 177.500000000000000   288.000000     0.000000     8.000000     0.000000     0.100000
 182.500000000000000   288.000000     0.000000     8.000000     0.000000     0.100000
 187.500000000000000   288.000000     0.000000     8.000000     0.000000     0.100000
 192.500000000000000   288.000000     0.000000     8.000000     0.000000     0.100000
 197.500000000000000   288.000000     0.000000     8.000000     0.000000     0.100000
 202.500000000000000   288.000000     0.000000     8.000000     0.000000     0.100000
 207.500000000000000   288.000000     0.000000     8.000000     0.000000     0.100000
 212.500000000000000   288.000000     0.000000     8.000000     0.000000     0.100000
 217.500000000000000   288.000000     0.000000     8.000000     0.000000     0.100000
 222.500000000000000   288.000000     0.000000     8.000000     0.000000     0.100000
 227.500000000000000   288.000000     0.000000     8.000000     0.000000     0.100000
 232.500000000000000   288.000000     0.000000     8.000000     0.000000     0.100000
 237.500000000000000   288.000000     0.000000     8.000000     0.000000     0.100000
 242.500000000000000   288.000000     0.000000     8.000000     0.000000     0.100000
 247.500000000000000   288.000000     0.000000     8.000000     0.000000     0.100000
 252.500000000000000   288.000000     0.000000     8.000000     0.000000     0.100000
 257.500000000000000   288.000000     0.000000     8.000000     0.000000     0.100000
 262.500000000000000   288.000000     0.000000     8.000000     0.000000     0.100000
 267.500000000000000   288.000000     0.000000     8.000000     0.000000     0.100000
 272.500000000000000   288.000000     0.000000     8.000000     0.000000     0.100000
 277.500000000000000   288.000000     0.000000     8.000000     0.000000     0.100000
 282.500000000000000   288.000000     0.000000     8.000000     0.000000     0.100000
 287.500000000000000   288.000000     0.000000     8.000000     0.000000     0.100000
 292.500000000000000   288.000000     0.000000     8.000000     0.000000     0.100000
 297.500000000000000   288.000000     0.000000     8.000000     0.000000     0.100000
 302.500000000000000   288.000000     0.000000     8.000000     0.000000     0.100000
 307.500000000000000   288.000000     0.000000     8.000000     0.000000     0.100000
 312.500000000000000   288.000000     0.000000     8.000000     0.000000     0.100000
 317.500000000000000   288.000000     0.000000     8.000000     0.000000     0.100000
 322.500000000000000   288.000000     0.000000     8.000000     0.000000     0.100000
 327.500000000000000   288.000000     0.000000     8.000000     0.000000     0.100000
 332.500000000000000   288.000000     0.000000     8.000000     0.000000     0.100000
 337.500000000000000   288.000000     0.000000     8.000000     0.000000     0.100000
 342.500000000000000   288.000000     0.000000     8.000000     0.000000     0.100000
 347.500000000000000   288.000000     0.000000     8.000000     0.000000     0.100000
 352.500000000000000   288.000000     0.000000     8.000000     0.000000     0.100000
 357.500000000000000   288.000000     0.000000     8.000000     0.000000     0.100000
 362.500000000000000   288.000000     0.000000     8.000000     0.000000     0.100000
 367.500000000000000   288.000000     0.000000     8.000000     0.000000     0.100000
 372.500000000000000   288.000000     0.000000     8.000000     0.000000     0.100000
 377.500000000000000   288.000000     0.000000     8.000000     0.000000     0.100000
 382.500000000000000   288.000000     0.000000     8.000000     0.000000     0.100000
 387.500000000000000   288.000000     0.000000     8.000000     0.000000     0.100000
 392.500000000000000   288.000000     0.000000     8.000000     0.000000     0.100000
 397.500000000000000   288.000000     0.000000     8.000000     0.000000     0.100000
